Gerekli icon sayisi: 3571
Baslangicta eksik: 982
TGA donusumuyle cozuldu: 4
item_list ayni icon yolundan kopyalandi: 0
Duplicate itemden kopyalandi: 0
Sayisal base VNUM'dan kopyalandi: 0
item_proto grubundan kopyalandi: 0
Cozulemeyen: 978

Cozulemeyenler:
50901
71288
700000
700001
700002
700003
700004
700005
700006
700011
700012
700013
700014
700015
700016
700017
700018
700019
700020
700021
700022
700023
700024
700025
700026
700027
700028
700030
700031
700032
700033
700034
700035
700036
700037
700038
700050
701000
701001
701002
701003
701004
701005
701006
701007
701008
701009
701010
701011
701012
701013
701014
701015
701016
701017
701018
701019
701020
701021
701022
701023
701024
701025
701026
701027
701028
701029
701030
701031
701032
701033
701034
701035
701036
701037
701038
701039
701040
701041
701042
701043
701044
701045
701046
701047
701048
701049
701050
701051
701052
701053
701054
701055
701056
701057
701058
701059
701060
701061
701062
701063
701064
701065
701066
701067
701068
701069
701070
701071
701072
701073
701074
701075
701076
701077
701078
701079
701080
701081
701082
701083
701084
701085
701086
701087
701088
701089
701090
701091
701092
701093
701094
701095
701096
701097
701098
701099
701100
701101
701102
701103
701104
701105
701106
701107
701108
701109
701110
701111
701112
701113
701114
701115
701116
701117
701118
701119
701120
701121
701122
701123
701124
701125
701126
701127
701128
701129
701130
701131
701132
701133
701134
701135
701136
701137
701138
701139
701140
701141
701142
701143
701144
701145
701146
701147
701148
701149
701150
701151
701152
701153
701154
701155
701156
701157
701158
701159
701160
701161
701162
701163
701164
701165
701166
701167
701168
701169
701170
701171
701172
701173
701174
701175
701176
701177
701178
701179
701180
701181
701182
701183
701184
701185
701186
701187
701188
701189
701190
701191
701192
701193
701194
701195
701196
701197
701198
701199
701200
701201
701202
701203
701204
701205
701206
701207
701208
701209
701210
701211
701212
701213
701214
701215
701216
701217
701218
701219
701220
701221
701222
701223
701224
701225
701226
701227
701228
701229
701230
701231
701232
701233
701234
701235
701236
701237
701238
701239
701240
701241
701242
701243
701244
701245
701246
701247
701248
701249
701250
701251
701252
701253
701254
701255
701256
701257
701258
701259
701260
701261
701262
701263
701264
701265
701266
701267
701268
701269
701270
701271
701272
701273
701274
701275
701276
701277
701278
701279
701280
701281
701282
701283
701284
701285
701286
701287
701288
701289
701290
701291
701292
701293
701294
701295
701296
701297
701298
701299
701300
701301
701302
701303
701304
701305
701306
701307
701308
701309
701310
701311
701312
701313
701314
701315
701316
701317
701318
701319
701320
701321
701322
701323
701324
701325
701326
701327
701328
701329
701330
701331
701332
701333
701334
701335
701336
701337
701338
701339
701340
701341
701342
701343
701344
701345
701346
701347
701348
701349
701350
701351
701352
701353
701354
701355
701356
701357
701358
701359
702000
702001
702002
702003
702004
702005
702006
702007
702008
702009
702010
702011
702012
702013
702014
702015
702016
702017
702018
702019
702020
702021
702022
702023
702024
702025
702026
702027
702028
702029
703000
703001
703002
703003
703004
703005
703006
703007
703008
703009
703010
703011
703012
703013
703014
703015
703016
703017
703018
703019
703020
703021
703022
703023
703024
703025
703026
703027
703028
703029
703030
703031
703032
703033
703034
703035
703036
703037
703038
703039
703040
703041
703042
703043
703044
703045
703046
703047
703048
703049
703050
703051
703052
703053
703054
703055
703056
703057
703058
703059
703060
703061
703062
704040
705000
705001
705002
705003
705004
705005
705006
705007
705008
705009
705010
705011
705012
705013
705014
705015
705016
705017
705018
705019
705020
705021
705022
705023
705024
705025
705026
705027
705028
705029
705030
705031
705032
705033
705034
705035
705036
705037
705038
705039
705040
705041
705042
705043
705044
705045
705046
705047
705048
705049
705050
705051
705052
705053
705054
705055
705056
705057
705058
705059
705060
705061
705062
705063
705064
705065
705066
705067
705068
705069
705070
705071
705072
705073
705074
705075
705076
705077
705078
705079
705080
705081
705082
705083
705084
705085
705086
705087
705088
705089
705090
705091
705092
705093
705094
705095
705096
705097
705098
705099
705100
705101
705102
705103
705104
705105
705106
705107
705108
705109
705110
705111
705112
705113
705114
705115
705116
705117
705118
705119
705120
705121
705122
705123
705124
705125
705126
705127
705128
705129
705130
705131
705132
705133
705134
705135
705136
705137
705138
705139
705140
705141
705142
705143
705144
705145
705146
705147
705148
705149
705150
705151
705152
705153
705154
705155
705156
705157
705158
705159
705160
705170
705180
706000
706001
706002
706003
706004
706005
706006
706007
706008
706009
706010
706011
706012
706013
706014
706015
706016
706017
706018
706019
706020
706021
706022
706023
706024
706025
706026
706027
706028
706029
706030
706031
706032
706033
706034
706035
706036
706037
706038
706039
706040
706041
706042
706043
706044
706045
706046
706047
706048
706049
706050
706051
706052
706053
706054
706055
706056
706057
706058
706059
706060
706061
706062
706063
706064
706065
706066
706067
706068
706069
706070
706071
706072
706073
706074
706075
706076
706077
706078
706079
706080
706081
706082
706083
706084
706085
706086
706087
706088
706089
706090
706091
706092
706093
706094
706095
706096
706097
706098
706099
706100
706101
706102
706103
706104
706105
706106
706107
706108
706109
706110
706111
706112
706113
706114
706115
706116
706117
706118
706119
706120
706121
706122
706123
706124
706125
706126
706127
706128
706129
706130
706131
706132
706133
706134
706135
706136
706137
706138
706139
706140
706141
706142
706143
706144
706145
706146
706147
706148
706149
706150
706151
706152
706153
706154
706155
706156
706157
706158
706159
706160
706161
706162
706163
706164
706165
706166
706167
706168
706169
706170
706178
706180
706188
707000
707001
707002
707003
707004
707005
707006
707007
707008
707009
707010
707011
707012
707013
707014
707015
707016
707017
707018
707019
708000
708001
708002
708003
708004
708005
708006
708007
708008
708009
708010
708011
708012
708013
708014
708015
708016
708017
708018
708019
708020
708021
708022
708023
708024
708025
708026
708027
708028
708029
708030
708031
708032
708033
708034
708035
708036
708037
708038
708039
708040
708041
708042
708043
708044
708045
708046
708047
708048
708049
708050
708051
708052
708053
708054
708055
708056
708057
708058
708059
709000
709001
709002
709003
709004
709005
709006
709007
709008
709009
709010
709011
709012
709013
709014
709015
709016
709017
709018
709019
709020
709021
709022
709023
709024
709025
709026
709027
709028
709029
709030
709031
709032
709033
709034
709035
709036
709037
709038
709039
709040
709041
709042
709043
709044
709045
709046
709047
709048
709049
710000
710001
710002
710003
710004
710005
710006
710007
710008
710009
711000
711001
711002
711003
711004
711005
711006
711007
711008
711009
